             precision    recall  f1-score   support

          1       0.42      0.87      0.56      5022
          2       0.17      0.01      0.03      2302
          3       0.23      0.08      0.11      2541
          4       0.29      0.25      0.27      2635
          7       0.27      0.16      0.20      2307
          8       0.26      0.24      0.25      2850
          9       0.20      0.03      0.05      2344
         10       0.48      0.66      0.55      4999

avg / total       0.32      0.39      0.32     25000
